0.63086
1.68228
2.90194
3.70102
4.75245
5.71976
7.06558
8.53758
9.75723
10.80866
11.77597
12.78534
13.87882
15.05642
16.23402
17.36956
18.46304
19.51447
20.73412
23.55194
24.60337
25.82302
26.87445
28.22027
29.73433
32.72038
33.94003
35.11763
36.21111
37.47282
38.60836
39.91213
41.88881
44.07578
45.42160
47.44034
48.87028
51.35164
52.73952
54.96855
57.49197
59.00602
61.27710
62.20236
64.38932
65.98749
67.54360
69.81468
71.28668
72.50633
73.47364
74.77741
75.53444
76.79615
77.93169
81.46448
82.68414
83.90379
86.42721
87.73098
90.08617
91.47406
92.48343
93.53485
94.58628
95.67976
96.60501
98.58170
100.05369
101.44157
102.66123
104.34351
105.43699
106.40430
107.49779
108.50716
109.64270
110.69412
111.99789
113.72223
115.19423
116.20359
117.42325
118.51673
119.77844
121.12427
122.13364
123.85798
124.99352
126.12906
127.30665
128.23191
129.70390
131.13384
132.22733
133.44698
134.75075
136.39097
137.65268
138.40971
139.96582
142.74158
145.01266
146.69495
148.33517
149.97540
151.91002
153.33996
156.49424
157.88212
159.10177
163.60188
168.39638
169.99454
171.92917
173.19088
175.37785
176.05076
177.39658
178.74241
180.50880
181.98080
183.74720
185.09302
186.31268
187.44822
188.54170
189.76135
192.07449
193.42031
194.38763
195.35494
196.57459
197.75219
198.76156
200.57001
202.54669
204.14486
205.44863
207.59354
208.85525
209.69639
210.87399
211.92541
212.93478
213.98621
216.00494
218.48631
219.95831
222.01910
222.90230
224.07990
225.29955
226.26686
227.57063
228.91645
230.09405
231.27165
234.46798
236.27644
237.70638
240.10363
246.53835
249.77674
252.00577
255.49650
257.59935
258.94518
260.24895
262.39386
264.11819
265.50608
267.98744
274.12777
277.19793
279.42696
281.52981
283.21209
287.96453
289.14213
293.97869
300.58165
303.35741
307.52106
314.58664
318.96057
320.30640
321.44194
329.01220
331.19917
332.16648
343.69011
347.18084
350.20895
354.16231
355.38197
357.52687
360.76527
361.90081
363.12046
365.43360
367.11588
370.69073
372.16272
374.93849
377.08340
378.80774
382.97138
385.53686
395.71466
400.04654
409.97200
417.03758
418.42546
420.86477
423.00968
425.28076
426.54247
430.91640
439.07547
441.34655
448.58036
462.37507
482.81479
486.81021
488.24015
495.68424
498.71235
503.63302
504.89473
507.20787
512.80146
514.90431
520.91846
531.18038
538.28802
556.96135
562.13436
565.33070
584.00402
596.15850
598.63987
627.28071
644.31381
645.49141
672.70231
688.34753
689.23073
690.91301
696.59071
700.20761
714.63318
717.49306
718.88094
733.64296
734.98878
752.10600
755.26028
756.73227
758.24633
777.34022
784.23758
787.89654
790.12556
791.72373
826.71518
836.51447
837.94441
839.37435
843.62211
846.60816
848.16427
875.87986
895.35227
896.74015
898.33832
900.18883
901.61877
914.57233
916.29667
927.61002
939.09159
943.84403
983.62999
985.94313
994.52276
996.41533
997.50881
999.77989
1006.92959
1008.10719
1046.16880
1051.38388
1052.93999
1060.25791
1073.92645
1186.55519
1188.91039
1190.59267
1208.84542
1255.73902
1316.88995
1318.23578
1319.66572
1325.67987
1368.78834
1500.04835
1600.35439
222222.00000
4.79450
7.19175
8.95815
10.21986
11.31334
12.44888
13.50031
25.69685
90.00206
119.86256
128.02162
135.46572
191.99038
200.52795
227.52857
505.35736
506.49290
507.88078
510.10981
511.24535
512.33883
513.51643
514.73608
515.95573
517.17539
518.39504
519.57264
520.79229
522.13812
523.39983
526.34382
528.32050
529.83456
532.14769
533.57763
534.79729
535.76460
536.94220
538.07774
539.12916
540.26470
541.48436
542.74607
543.96572
545.10126
546.27886
548.50788
1586.64379
222222.00000
7.19175
8.41141
89.87589
119.94667
126.80197
198.76156
200.31767
505.44147
507.83873
509.10044
510.27803
511.49769
512.80146
514.23140
515.45105
516.67070
517.89036
519.11001
520.49789
521.92783
523.23160
524.45126
525.92325
528.69902
529.91867
532.61032
533.82998
535.17580
536.39545
537.40482
538.20391
539.25533
540.39087
541.44230
542.49372
572.43834
573.48976
574.54119
575.55056
576.55993
577.65341
578.66278
579.71420
580.72357
581.77500
582.78437
583.83579
584.88722
222222.00000
2.48137
3.91130
5.08890
6.09827
7.14970
8.45346
9.71518
10.89277
12.32271
13.71059
17.07516
19.43035
20.86029
23.80428
25.36039
26.74828
28.80907
29.73433
30.86987
32.13158
33.47740
35.24380
36.50551
38.10368
40.54298
41.93087
43.44492
44.66457
46.01040
47.27211
48.49176
50.59462
52.73952
54.54798
55.68352
56.86111
58.08077
59.42659
61.31916
62.66499
63.75847
66.49218
68.63708
69.81468
70.82405
72.04370
73.13719
75.11387
76.24941
77.42701
80.28688
86.34310
87.26835
88.53006
90.00206
91.47406
92.56754
94.37599
95.42742
97.40410
98.62375
100.05369
101.86214
103.03974
104.21734
106.27813
110.69412
112.58669
113.97457
116.41388
117.17091
118.68496
120.15696
121.54484
122.42804
123.52152
124.82529
127.22254
128.90482
130.46093
131.68058
133.65726
136.01246
137.65268
139.12468
140.30228
141.47987
142.74158
143.83507
147.99871
149.26043
150.56419
151.69973
154.64373
156.03161
157.20921
160.95228
168.43843
169.74220
171.80300
173.77968
174.91522
176.05076
177.94333
180.04618
181.26583
183.32663
184.58834
186.60707
188.66787
189.92958
190.98101
192.20066
193.54649
195.60728
197.20545
198.55127
199.93916
201.32704
201.95789
203.30372
207.17297
208.77113
210.20107
211.42073
212.59832
217.43488
218.86482
220.08448
221.38824
223.95372
226.01452
227.44446
228.91645
230.09405
237.58020
246.58041
247.80006
250.02909
253.26748
257.64141
259.57603
260.83775
262.01534
265.25373
268.82858
274.29600
276.48296
277.78673
279.13256
280.52044
300.62370
302.97890
314.29224
317.02595
320.01200
321.39988
322.70365
330.86271
338.97972
343.18542
344.32096
345.70885
347.01262
357.23248
359.84001
363.45692
366.90559
368.84022
371.44775
377.37780
378.30305
381.87790
384.31721
386.88269
388.06028
397.60723
400.59328
402.23351
406.60744
407.49063
414.89267
426.20602
432.55663
434.91182
480.12314
486.89432
489.37569
494.46459
503.80125
505.73587
506.57701
515.53516
518.60533
519.82498
520.75024
522.13812
523.31572
525.75502
526.93262
528.15228
529.87661
531.76918
532.86266
533.99820
535.09169
535.84871
537.02631
539.12916
541.98904
544.09189
546.86766
548.00320
549.97988
550.98925
552.04067
554.01735
554.98466
556.03609
557.17163
557.97071
559.06420
560.11562
561.92408
562.89139
564.02693
564.99424
566.04567
567.13915
569.07377
569.95697
571.05045
572.01777
573.06919
574.07856
575.08793
576.01318
577.10667
578.03192
579.25158
580.13477
581.18620
582.23763
583.49934
584.63488
585.64425
586.82184
588.08355
589.05087
590.27052
591.36400
592.33131
593.29863
594.26594
595.23325
596.32673
597.37816
598.42958
599.43895
600.53244
601.79415
603.09792
605.32694
626.56574
637.41646
638.63611
639.77165
644.14558
666.89844
669.33775
683.72126
687.96902
689.27279
699.95527
733.51679
741.08706
758.03604
762.78849
768.67647
853.58963
855.06163
886.39412
887.61377
888.83343
913.89942
915.49759
919.07244
943.63375
984.13467
994.94333
1003.85942
1007.18193
1013.23814
1054.95872
1149.71323
1155.93767
1157.03115
1159.17606
1160.18543
1161.27892
1163.12943
1164.26497
1165.44256
1166.49399
1167.50336
1168.89124
1170.23706
1171.62495
1173.60163
1174.98951
1176.20916
1177.47087
1184.99908
1186.55519
1189.83564
1191.47587
1196.60683
1197.74237
1201.06487
1280.93119
1500.04835
1742.54923
1746.37642
1748.89984
1750.11950
1751.92795
1754.19903
1755.54485
1756.97479
1758.78325
1761.97958
1764.96563
1766.05911
2325.83828
2327.31028
2328.95050
2330.84307
2331.64215
2333.19826
2335.09083
2336.14225
2337.57219
2338.96008
2340.43207
2342.53492
222222.00000
654.82807
648.39334
581.35443
660.46371
587.32653
589.00881
585.56013
590.85932
120.07284
645.07084
20.56589
642.54742
199.81298
627.32277
577.90575
118.55879
592.24720
1967.51232
622.10770
1958.13360
664.62736
639.39314
13.50031
668.74895
90.04412
22.66874
633.08458
601.37358
604.19140
198.25687
17.45367
676.78185
625.00963
1309.90849
636.23886
619.33193
1309.06734
607.13539
189.50901
575.80290
1963.89542
675.85659
191.14923
616.43000
8.66375
630.14059
598.26136
57.91254
1169.52209
59.30042
10.64043
38.10368
34.73911
227.48652
23.97251
570.84017
599.27073
1971.21334
672.40791
183.28457
1312.22162
49.87965
1167.71364
594.13977
32.08952
15.22465
1163.17148
27.37913
1952.91853
1749.53070
572.85891
36.67374
12.11243
609.32236
596.24262
101.06306
127.89545
680.69315
99.75929
30.40724
222222.00000
650.62237
652.09436
653.31402
655.24864
648.30923
656.46830
646.45872
657.35149
644.48204
1954.81110
658.52909
119.94667
1956.82983
660.42166
1951.65682
643.38856
1950.31099
642.42125
1960.82525
641.41188
659.37023
661.47308
640.40251
639.39314
1959.39531
662.39834
638.42583
199.68681
665.38439
663.40771
89.96000
637.41646
99.88546
666.39376
664.37502
636.40709
635.39772
645.40730
634.38835
667.40313
668.41249
1304.18873
13.12180
1946.14735
58.83780
60.22568
1948.37637
669.42186
633.42104
632.41167
35.36997
670.43123
14.55173
676.40333
34.10826
631.40230
671.44060
630.39293
627.40688
629.42562
11.81803
36.67374
222222.00000
652.13642
649.27654
694.36169
656.67858
698.56739
697.89448
658.57115
690.15598
646.96341
119.98873
660.88428
691.16535
645.57552
1957.29246
678.08561
1953.75967
666.98256
664.79559
676.99213
686.20262
1960.44674
675.14162
662.86097
662.48245
684.09977
707.60965
680.10435
643.55679
682.12309
703.74041
641.58010
199.81298
673.16494
704.58155
668.28632
710.63776
669.04335
23.88840
29.35581
90.00206
687.16993
701.59550
670.30506
640.69691
709.71251
198.71950
639.64548
713.62381
1949.93248
670.97797
1305.74484
190.22398
638.67817
637.66880
32.17363
99.92752
635.73418
702.60487
716.60986
27.16885
634.64069
34.27649
13.33208
8.95815
181.93874
127.89545
126.59168
14.67791
1304.44107
636.74355
227.31829
685.19325
222222.00000
696.96922
695.53928
698.44122
694.44580
700.41790
693.43643
691.41769
692.42706
702.39458
701.34315
690.40833
120.03078
689.39896
703.48806
688.38959
687.38022
685.40354
705.33857
686.41291
707.27320
708.32462
710.38542
684.35211
709.33399
682.41749
704.37126
679.38938
711.39479
683.38480
681.40812
714.38084
706.34794
680.39875
100.05369
713.32941
675.39396
677.37064
90.08617
678.38001
222222.00000
6.85530
8.91609
11.52363
14.25734
19.13595
25.86508
35.49614
90.08617
98.45552
99.96958
116.58211
118.55879
119.98873
124.61500
128.23191
190.39221
191.94832
198.38305
199.89710
227.48652
656.80475
659.83286
662.86097
663.82828
666.85638
669.88449
670.85180
674.17431
674.59488
677.03419
679.97818
683.88948
687.67462
690.19804
692.17472
696.29631
700.24967
702.39458
703.15161
704.32920
705.33857
706.30589
707.35731
708.28257
709.33399
710.34336
711.31067
712.32004
713.28735
714.25467
715.26403
716.27340
717.32483
718.29214
719.34357
720.35294
721.32025
723.29693
724.39041
726.32504
728.30172
729.35314
730.36251
743.35814
744.36750
750.25549
751.26486
752.31628
753.36771
754.41914
755.38645
756.39582
757.40519
759.25570
760.26506
761.40060
762.36792
763.46140
764.51283
765.52219
766.53156
767.54093
771.66252
772.67189
773.72332
774.69063
775.74205
776.75142
779.69542
780.74684
781.84032
782.84969
783.81701
786.76100
787.81242
788.82179
789.99939
222222.00000
90.08617
100.01163
119.90461
199.35036
753.11537
754.20885
755.30233
756.35376
758.16221
759.38187
760.72769
761.94735
763.12494
764.21843
765.31191
766.36333
767.28859
768.12973
769.22321
770.40081
771.70458
773.63920
775.99440
779.10662
780.03187
782.05061
783.22821
784.15346
785.16283
786.17220
787.22363
788.19094
789.20031
790.16762
792.18636
793.23778
222222.00000
775.11120
778.98045
771.53635
780.70478
769.47556
855.22985
849.97272
782.63941
849.04747
854.26254
766.02688
767.91945
856.15511
119.90461
850.98209
847.95399
764.51283
844.08474
845.17822
860.40287
786.04603
762.87260
861.37018
842.99126
784.15346
846.39788
859.39350
851.94941
761.10620
786.88717
7.52821
759.71832
865.44971
789.95733
198.17276
8.87403
90.12823
864.48240
791.51344
752.52657
199.60270
758.54073
222222.00000
9.16843
10.64043
14.34145
18.50510
20.35561
48.70205
90.04412
99.88546
118.43262
119.94667
121.37661
122.55421
127.72722
186.85942
188.20524
191.35952
198.84567
200.19150
227.52857
839.58464
840.55195
841.64543
842.57069
843.62211
844.67354
846.73433
848.71101
850.43535
851.90735
853.29523
855.65042
856.91214
858.34208
859.64584
860.90755
862.21132
863.17863
864.69269
866.24880
867.34228
868.51988
869.82365
871.33770
872.51530
873.60878
874.78638
876.00603
876.84717
880.42202
885.51092
886.56235
887.65583
2574.94211
2585.24609
2587.09660
2588.73682
2589.95647
2591.47053
2592.60607
2594.16218
2597.98937
2599.33519
222222.00000
7.40204
9.75723
12.44888
17.74807
24.14074
44.03372
47.86091
58.87985
60.09951
65.35664
89.96000
115.95125
118.34850
120.07284
121.58689
122.72243
125.66643
127.05431
128.27396
136.43303
187.82673
190.89689
194.13528
198.42510
199.60270
221.76676
227.48652
834.32751
836.34624
838.61732
841.05663
842.94920
845.38851
848.20633
849.21570
850.64564
852.91672
857.37476
860.27670
863.34686
866.92171
869.57130
871.84238
872.97792
875.08078
879.66499
884.75389
887.69789
888.79137
920.75472
921.46969
922.64729
924.66602
925.80156
926.72682
927.82030
928.70350
929.83904
930.84841
931.89983
933.75034
934.80177
935.76908
936.77845
937.95605
938.71307
939.76450
940.90004
941.95147
942.87672
943.88609
944.97957
945.94688
946.83008
947.92356
948.84882
949.90025
951.03579
952.08721
954.06389
955.19943
956.20880
957.21817
958.18548
959.11074
960.28833
961.25565
962.55941
963.73701
964.91461
965.92398
967.05952
968.06889
969.03620
970.12968
971.13905
972.14842
973.24190
974.25127
975.26064
976.48029
977.82612
979.04577
980.01308
981.14862
982.03182
983.20942
984.34496
2585.66666
2588.56859
2591.34436
2599.41931
222222.00000
3.02811
4.03748
5.13096
5.76181
7.02353
8.24318
10.38809
12.40683
13.87882
14.93025
16.65459
26.58005
38.48219
42.68789
43.73932
44.95897
46.22068
49.29085
60.43596
62.16030
66.40806
67.83800
90.04412
98.16113
99.71724
116.62416
117.75970
118.76907
120.11490
121.46072
122.72243
125.24586
126.67580
129.66185
138.74617
173.56939
185.85005
187.06970
189.50901
190.77072
191.99038
194.00911
196.19608
198.42510
199.85504
223.61727
227.57063
265.80048
278.12319
399.92037
919.28272
920.58649
921.72203
922.89963
923.95105
925.17071
926.43242
927.82030
929.12407
930.55401
931.94189
933.24566
934.42326
935.55880
936.77845
938.08222
939.30187
940.60564
941.95147
943.29729
944.47489
945.77866
947.12448
948.51236
949.73202
950.74139
952.00310
953.34892
954.65269
955.91440
957.30228
959.02662
960.58273
961.97062
963.23233
964.40992
965.41929
966.93335
971.13905
974.29333
975.55504
978.83549
981.82154
984.09262
986.06930
988.84506
1909.34744
1914.56251
1915.82422
1917.84296
1919.27290
1929.70304
1938.78736
1942.40427
222222.00000
5.21507
7.48615
8.78992
10.00957
11.43951
16.02373
17.95835
19.47241
20.86029
23.00520
24.39308
31.62689
33.43534
38.06162
39.23922
40.58504
41.67852
43.31875
45.12720
46.89360
49.20673
52.78158
53.74889
56.44054
58.45928
60.77242
66.82863
89.96000
100.17986
116.58211
117.63353
118.72702
120.07284
121.54484
127.13842
128.10574
129.40950
131.21796
136.30686
140.55462
188.33141
189.80341
190.81278
192.07449
193.25209
198.34099
199.77093
227.52857
937.28313
938.46073
939.63833
941.86735
943.12906
944.30666
945.48426
946.66185
947.88151
949.05910
950.27876
951.45636
952.67601
953.68538
955.57795
956.71349
957.84903
959.11074
961.12947
962.72764
965.25106
966.89129
968.86797
971.64373
975.21858
976.90086
978.66726
980.18131
981.52714
982.70473
983.79822
984.97581
1936.34806
1938.57708
1944.59124
222222.00000
1027.95811
1021.98601
1017.90648
1029.26188
1020.59813
1026.61228
1023.75240
1031.53296
1030.43947
1032.58438
1024.97206
1033.50964
1034.72929
119.94667
1035.78072
1011.68203
1041.71076
972.14842
1008.78010
1010.42032
1039.69202
1043.81361
1036.83214
1042.76218
1038.59854
1004.53234
1044.90709
1007.39222
973.28396
99.96958
1040.70139
1037.84151
47.73474
1047.85109
1050.96331
90.00206
8.62169
3051.06983
1048.90251
1005.83611
1045.95852
200.02327
1052.01473
3094.22035
3093.08481
974.33538
1049.91188
3095.35589
1046.88377
1053.06616
121.37661
3096.44938
3060.53267
227.40240
11.86008
3092.03339
46.34686
3097.58492
962.93793
123.39535
24.18280
23.29960
975.42887
3056.91576
58.66957
967.05952
128.27396
45.00103
1013.86900
976.35412
129.53568
1055.04284
961.88650
1056.05221
132.77407
965.04078
966.09221
133.95166
970.12968
960.87713
963.98935
1057.10363
1054.03347
190.47632
16.86487
1058.15506
978.49903
3085.64072
26.28565
184.08365
222222.00000
1021.35515
1023.58418
1028.37868
1017.73825
1030.18713
1019.12613
1026.35994
1032.12175
120.03078
1014.24751
1035.02369
1015.29894
199.98121
99.96958
1036.83214
3063.93929
48.15531
3060.32238
90.00206
1012.01849
1038.09385
1039.18734
1009.83152
1008.65393
1013.11197
1007.47633
8.87403
12.74328
1010.92501
1006.25668
1040.49110
118.60085
1042.72013
3057.33633
16.23402
1005.12114
25.94919
981.65331
126.88608
3073.14978
227.61269
996.92001
3066.37859
191.35952
49.66936
982.74679
123.43740
998.05555
29.39787
984.80759
23.72017
222222.00000
4.79450
7.06558
8.53758
10.00957
12.65917
13.92088
15.14053
16.27607
17.53778
19.85092
21.02852
22.16406
24.22485
26.32771
27.25296
30.19695
31.16426
32.38392
33.56152
35.20174
36.88402
38.35602
39.65979
40.87944
42.60378
44.91692
47.23005
48.53382
49.79553
52.48718
55.34706
58.16488
60.89859
63.59024
66.70246
69.26794
72.00165
74.81947
77.34289
80.03454
82.89442
85.20756
87.85715
88.82446
90.04412
91.60023
94.37599
97.19381
99.50695
100.93689
102.91357
105.10054
108.29687
111.40909
115.19423
117.50736
118.60085
120.07284
121.46072
122.59626
124.90940
126.84402
128.31602
129.45156
131.80676
132.85818
134.37223
135.46572
137.82091
139.50319
141.14342
142.65747
145.01266
145.93792
149.00808
151.69973
154.18110
157.20921
159.64851
162.46634
164.69536
167.68141
168.94312
171.08803
173.10677
175.37785
177.43864
179.28915
182.19109
184.50422
186.22856
188.03701
190.30809
192.20066
195.73345
198.55127
199.98121
201.41115
203.51400
204.94394
206.71034
213.94415
216.25729
217.98162
219.91625
222.48173
224.54252
226.14069
227.52857
229.00057
231.01931
234.21564
236.06615
241.91208
245.36076
247.12715
248.89355
251.71137
254.15068
255.11799
257.38907
259.36575
260.41718
262.77237
265.54813
267.90333
269.12298
271.26789
274.00160
276.52502
278.41759
279.76341
283.75883
287.83836
290.53001
293.51606
294.65160
296.96474
300.03490
302.51627
304.66118
339.56852
357.65305
360.17647
364.04572
366.48502
370.27016
372.54124
374.81232
376.32637
378.21894
380.65825
387.21914
399.92037
401.35031
403.70550
412.07485
423.51437
435.20622
437.47730
507.54433
758.07810
995.78447
999.86401
1002.17714
1003.48091
1015.76157
1018.24293
1019.50464
1020.89252
1024.08886
222222.00000
