0.11652
0.16630
0.12213
0.12222
0.14653
0.28722
0.97710
1.00000
0.16769
0.17543
0.09672
0.15065
0.13330
0.09432
0.06701
0.06965
0.04101
0.05151
0.09352
0.05514
0.05566
0.03905
0.03012
0.04644
0.03660
0.03154
0.04102
0.04178
0.02968
0.03096
0.03510
0.03837
0.05891
0.05040
0.05988
0.03302
0.03480
0.03895
0.04136
0.03728
0.09095
0.07290
0.05160
0.03313
0.04506
0.05098
0.03598
0.04158
0.02205
0.03555
0.04328
0.02152
0.02996
0.02851
0.02984
0.02751
0.02758
0.04310
0.02846
0.08137
0.23672
0.06410
0.03197
0.04382
0.02969
0.02377
0.03526
0.08322
0.24457
0.11264
0.04475
0.03506
0.03173
0.04378
0.04201
0.03917
0.05277
0.05290
0.02940
0.03395
0.04856
0.06672
0.12659
0.09473
0.37214
0.08572
0.07776
0.04978
0.13101
0.05988
0.11554
0.13713
0.06985
0.09065
0.05016
0.11024
0.07831
0.06028
0.03707
0.02628
0.06438
0.04694
0.03176
0.03105
0.03234
0.03697
0.04177
0.04179
0.02310
0.04095
0.02253
0.02441
0.03114
0.03352
0.04059
0.04106
0.03036
0.02973
0.04214
0.03379
0.10609
0.07249
0.05766
0.12000
0.05083
0.10175
0.11422
0.26864
0.15660
0.05486
0.03142
0.04457
0.06417
0.08884
0.05393
0.06805
0.05070
0.02882
0.07340
0.06265
0.02509
0.04123
0.03341
0.02592
0.02782
0.02698
0.04710
0.03788
0.02784
0.03611
0.05687
0.04404
0.08357
0.03963
0.13824
0.05623
0.04056
0.02369
0.03692
0.02827
0.02581
0.03079
0.04463
0.03272
0.02337
0.02614
0.02614
0.02943
0.04763
0.02577
0.03731
0.03973
0.02482
0.03992
0.02703
0.03476
0.03765
0.02469
0.02828
0.02868
0.03153
0.02877
0.03447
0.03895
0.03763
0.03245
0.02693
0.02632
0.02264
0.02827
0.02357
0.02548
0.02893
0.02197
0.02298
0.02204
0.03285
0.02149
0.02299
0.02700
0.02765
0.02231
0.02185
0.02216
0.02716
0.02615
0.02282
0.02708
0.04633
0.03188
0.05614
0.02784
0.02509
0.02959
0.03184
0.02305
0.02683
0.02700
0.02369
0.02184
0.02338
0.02181
0.02697
0.02158
0.02406
0.03111
0.02316
0.02467
0.03446
0.03588
0.02279
0.02682
0.02952
0.02333
0.03858
0.02236
0.02371
0.03340
0.02556
0.02304
0.02732
0.02938
0.02397
0.02759
0.02275
0.02761
0.02166
0.02350
0.02567
0.02316
0.02807
0.02179
0.02824
0.02830
0.03062
0.02286
0.02706
0.02211
0.02909
0.04962
0.02324
0.02263
0.02175
0.03438
0.02451
0.02975
0.02491
0.02555
0.02630
0.02986
0.02136
0.02242
0.02472
0.03299
0.03351
0.02977
0.03014
0.02422
0.02245
0.02722
0.02141
0.02200
0.02185
0.02202
0.02480
0.02275
0.02162
0.02219
0.02469
0.02371
0.02551
0.02338
0.02168
0.02398
0.02178
0.02295
0.03041
0.02367
0.02331
0.02402
0.02326
0.02270
0.02580
0.02175
0.02321
0.02468
0.03785
0.02974
111.00000
0.02511
0.08480
0.04122
0.02262
0.02785
0.02036
0.01870
0.01966
0.03745
0.07105
0.02774
0.01962
0.02103
0.02168
0.02179
0.01857
0.01960
0.02188
0.02004
0.02176
0.02355
0.02828
0.03670
0.05306
0.06240
0.06510
0.05706
0.09907
0.17069
0.18067
0.42239
1.00000
0.45081
0.19997
0.11523
0.07212
0.05014
0.04685
0.03527
0.03116
0.03693
0.03412
0.03494
0.02569
0.02577
0.02074
0.01850
0.03507
111.00000
0.02942
0.02868
0.02968
0.05794
0.02224
0.02624
0.03183
0.02221
0.02738
0.02774
0.02842
0.02768
0.02460
0.02755
0.03176
0.03486
0.03903
0.04411
0.05188
0.09871
0.24632
0.36227
1.00000
0.56428
0.55833
0.04797
0.08029
0.05454
0.04478
0.03434
0.03324
0.03049
0.02742
0.02370
0.02324
0.02349
0.02438
0.02532
0.02665
0.02777
0.02748
0.02729
0.02732
0.02662
0.02732
0.02393
0.02330
0.02234
111.00000
0.03080
0.04839
0.05913
0.06325
0.12030
0.23714
0.13593
0.18018
0.18064
0.06358
0.11200
0.05267
0.05710
0.05630
0.15467
0.12364
0.05103
0.04985
0.08408
0.11307
0.09852
0.07782
0.05402
0.04669
0.04101
0.06067
0.05439
0.06125
0.06147
0.03887
0.04038
0.02994
0.03301
0.03241
0.06075
0.07904
0.12390
0.06354
0.04094
0.05720
0.06744
0.06117
0.06466
0.03680
0.05355
0.02991
0.03318
0.05558
0.03609
0.02745
0.03673
0.04826
0.05265
0.07948
0.27175
0.06566
0.05113
0.02947
0.02840
0.05991
0.10317
0.10490
0.05562
0.05018
0.04388
0.03771
0.03272
0.03172
0.07361
0.04808
0.03197
0.30002
0.34306
0.05365
0.03202
0.09363
0.08595
0.08465
0.09028
0.05618
0.04987
0.08476
0.10329
0.08726
0.06192
0.04835
0.08181
0.04866
0.04347
0.03892
0.03891
0.03007
0.04698
0.06541
0.03885
0.03233
0.02847
0.03845
0.03737
0.04099
0.05144
0.04667
0.05743
0.03559
0.06515
0.08672
0.10279
0.07788
0.10722
0.12367
0.06739
0.11430
0.16797
0.13109
0.05130
0.06137
0.14694
0.30264
0.06532
0.06477
0.06241
0.06466
0.05392
0.05983
0.05165
0.03377
0.06473
0.04831
0.05483
0.06412
0.03352
0.04011
0.13971
0.04113
0.03322
0.03688
0.05368
0.04602
0.05067
0.03073
0.05097
0.04861
0.05065
0.04533
0.03239
0.04180
0.05326
0.05371
0.05511
0.04965
0.03954
0.05280
0.03471
0.03042
0.03070
0.05386
0.02848
0.03606
0.03606
0.02911
0.03289
0.05779
0.05498
0.03225
0.03693
0.04142
0.03514
0.03683
0.02769
0.04344
0.03867
0.03232
0.03515
0.03384
0.03046
0.03026
0.02819
0.05557
0.05391
0.04104
0.03441
0.02763
0.03354
0.03310
0.02744
0.03639
0.04235
0.03447
0.03462
0.04422
0.03800
0.03031
0.05233
0.04317
0.06534
0.04064
0.06817
0.09303
0.07985
0.05429
0.05533
0.06104
0.03379
0.04335
0.04715
0.03756
0.04610
0.04201
0.03365
0.03376
0.03515
0.02988
0.03432
0.03443
0.03014
0.03819
0.02898
0.02988
0.04750
0.02820
0.04399
0.04051
0.03572
0.03181
0.05963
0.05365
0.04836
0.06360
0.05482
0.06312
0.07156
0.06817
0.09132
0.07462
0.09764
0.07234
0.07984
0.24752
0.19686
0.29233
0.28103
0.32982
0.35494
1.00000
0.57495
0.60138
0.77076
0.64107
0.34573
0.30902
0.10981
0.11893
0.04496
0.06540
0.07050
0.08182
0.07211
0.04002
0.03642
0.04962
0.04829
0.02976
0.04005
0.02909
0.03512
0.02822
0.02796
0.03245
0.02994
0.03348
0.02942
0.04322
0.03288
0.03448
0.03162
0.02812
0.07230
0.02838
0.03315
0.03111
0.03154
0.03053
0.02901
0.02768
0.02828
0.04674
0.02922
0.02832
0.02938
0.02881
0.02878
0.02830
0.02917
0.02818
0.03204
0.02924
0.03630
0.03274
0.06009
0.04856
0.09079
0.06773
0.12444
0.16916
0.21148
0.32518
0.10967
0.10311
0.05167
0.03926
0.02810
0.04289
0.02793
0.02984
0.03348
0.03284
0.02920
0.02891
0.03261
0.02796
0.05698
0.03724
0.06812
0.29695
0.22263
0.13594
0.05026
0.10883
0.05815
0.03672
0.03022
0.03767
0.03221
0.03451
0.03170
0.07314
0.08955
0.07684
0.19209
0.14107
0.11788
0.07565
0.09347
0.08592
0.04116
111.00000
1.00000
0.29343
0.21729
0.17952
0.16544
0.14521
0.13653
0.12644
0.11775
0.09556
0.09292
0.09265
0.08322
0.07428
0.07266
0.07177
0.06691
0.06604
0.06502
0.06343
0.06320
0.06088
0.05998
0.05941
0.05759
0.05538
0.05528
0.05357
0.05341
0.05318
0.05272
0.05212
0.05137
0.05116
0.05096
0.05032
0.05008
0.04921
0.04901
0.04853
0.04813
0.04706
0.04683
0.04620
0.04339
0.04322
0.04227
0.04117
0.04100
0.03946
0.03932
0.03881
0.03875
0.03757
0.03752
0.03648
0.03633
0.03577
0.03554
0.03515
0.03511
0.03420
0.03412
0.03387
0.03335
0.03326
0.03311
0.03294
0.03156
0.03109
0.03084
0.03058
0.03051
0.03017
0.03003
0.03000
0.02992
0.02967
0.02945
0.02919
111.00000
1.00000
0.71143
0.49218
0.21962
0.19174
0.18569
0.15571
0.10878
0.08917
0.06661
0.05967
0.05899
0.05742
0.05652
0.05147
0.04749
0.04693
0.04507
0.04413
0.04270
0.03988
0.03789
0.03643
0.03492
0.03478
0.03449
0.03280
0.03247
0.03033
0.03029
0.02932
0.02926
0.02859
0.02809
0.02677
0.02633
0.02539
0.02530
0.02495
0.02495
0.02397
0.02380
0.02356
0.02338
0.02302
0.02299
0.02294
0.02261
0.02241
0.02164
0.02158
0.02111
0.02045
0.02040
0.02021
0.02002
0.01990
0.01983
0.01963
0.01919
0.01903
0.01880
111.00000
1.00000
0.42092
0.37996
0.26946
0.14491
0.13346
0.11682
0.10965
0.10006
0.09487
0.09291
0.08692
0.08577
0.07875
0.07137
0.06744
0.06195
0.06020
0.05881
0.05720
0.05712
0.05580
0.05564
0.05495
0.05343
0.05286
0.05142
0.04929
0.04692
0.04647
0.04275
0.04244
0.04169
0.04089
0.04074
0.04042
0.03853
0.03690
0.03596
0.03546
0.03495
0.03367
0.03200
0.03133
0.03129
0.02996
0.02975
0.02962
0.02875
0.02869
0.02854
0.02791
0.02712
0.02707
0.02704
0.02632
0.02587
0.02572
0.02550
0.02513
0.02499
0.02484
0.02478
0.02438
0.02410
0.02403
0.02382
0.02381
0.02359
0.02339
0.02311
0.02308
111.00000
1.00000
0.30831
0.29988
0.16195
0.11106
0.10359
0.06377
0.05783
0.04930
0.04807
0.04647
0.04455
0.04402
0.04179
0.03584
0.03058
0.02808
0.02675
0.02664
0.02642
0.02627
0.02590
0.02227
0.02116
0.02076
0.02032
0.02024
0.01942
0.01910
0.01865
0.01859
0.01856
0.01744
0.01653
0.01628
0.01602
0.01513
0.01506
0.01487
111.00000
0.03390
0.04175
0.05359
0.04210
0.02582
0.02734
0.02441
0.04667
0.02618
0.05221
0.02503
0.03015
0.11341
0.02700
0.02714
0.02629
0.04867
0.02598
0.03133
0.02629
0.02447
0.02734
0.02456
0.02519
0.03452
0.03085
0.02453
0.04156
0.04197
0.07068
0.07186
0.08173
0.10389
0.11279
0.13233
1.00000
0.25358
0.10975
0.11293
0.07207
0.07902
0.06772
0.04916
0.04380
0.04041
0.04325
0.04474
0.04587
0.03269
0.03481
0.03536
0.03304
0.03611
0.03138
0.03311
0.03075
0.02774
0.03064
0.02884
0.02415
0.02767
0.02609
0.02587
0.02449
0.02469
0.02671
0.03691
0.04524
0.04559
0.03392
0.02656
0.02456
0.02461
0.03355
0.04354
0.07314
0.10789
0.14404
0.17353
0.18017
0.17182
0.14372
0.09029
0.12696
0.14789
0.14585
0.12152
0.08586
0.02874
0.04862
0.05461
0.04323
0.02780
0.02920
0.04009
0.03717
0.03175
111.00000
0.03005
0.03431
0.04963
0.04221
0.03683
0.03489
0.03688
0.02519
0.04148
0.05514
0.06109
0.07704
0.09008
0.12797
0.12237
0.07933
0.05078
0.09381
0.21805
0.31357
0.46316
0.66505
1.00000
0.29199
0.28557
0.07678
0.05239
0.03406
0.04645
0.04732
0.03463
0.03127
0.02332
0.03579
0.02692
0.02453
111.00000
1.00000
0.28098
0.21021
0.08316
0.07644
0.06367
0.06255
0.06217
0.06111
0.05774
0.05700
0.05477
0.05117
0.04867
0.04860
0.04558
0.04487
0.04043
0.04005
0.03891
0.03549
0.03475
0.03384
0.03313
0.03169
0.03140
0.03128
0.03080
0.03080
0.02888
0.02734
0.02642
0.02575
0.02392
0.02378
0.02265
0.02224
0.02199
0.02156
0.02103
0.02084
0.02069
111.00000
0.03684
0.04297
0.04837
0.03463
0.04694
0.02737
0.05738
0.03369
0.02969
0.13340
0.04778
0.02892
0.03881
0.02867
0.02708
0.03300
0.02737
0.03967
0.02895
0.02981
0.03259
0.03503
0.02745
0.04831
0.06110
0.04561
0.06725
0.10059
0.22181
0.25099
0.43424
0.36696
0.56213
0.46424
0.81651
0.79182
0.92731
1.00000
0.23484
0.16214
0.33893
0.18395
0.14317
0.10455
0.13885
0.15239
0.07751
0.04830
0.03224
0.02800
0.03125
0.03349
0.02706
0.02812
0.06941
0.04727
0.06463
0.05889
0.04026
0.02713
0.03239
0.02924
111.00000
0.04784
0.03290
0.02931
0.03817
0.03891
0.06526
0.02884
0.03276
0.02847
0.02742
0.08361
0.03164
0.05322
0.15729
0.04237
0.03903
0.04758
0.05496
0.04414
0.02731
0.02872
0.04872
0.02906
0.04767
0.03879
0.02973
0.03958
0.03394
0.03918
0.05198
0.05479
0.05350
0.04811
0.05632
0.04923
0.08386
0.23856
0.74741
0.26425
1.00000
0.38884
0.32685
0.17452
0.18057
0.19249
0.04802
0.02994
0.02770
0.03004
0.03010
0.02909
0.03497
0.03547
0.03876
0.03860
0.04119
0.04707
0.03839
0.03578
0.02951
0.03983
0.04386
0.05002
0.05088
0.04838
0.05324
0.06057
0.07301
0.08511
0.08968
0.09231
0.09045
0.08188
0.07187
0.05900
0.05676
0.06084
0.07227
0.08124
0.12390
0.13773
0.15312
0.16417
0.16110
0.15343
0.14037
0.11173
0.09445
0.07564
0.06619
0.06112
0.05217
0.03641
0.02837
0.03330
0.04862
0.05397
0.06661
0.06488
0.05351
0.04547
0.04426
0.04484
0.05448
0.06022
0.05803
0.05772
0.04297
0.03719
0.10449
0.04075
0.03084
111.00000
0.04715
0.03190
0.03268
0.03374
0.03343
0.08404
0.05236
0.08249
0.08326
0.07338
0.13482
0.04177
0.03280
0.03638
0.07221
0.06247
0.04071
0.03523
0.04739
0.03800
0.04921
0.03530
0.11584
0.05566
0.08558
0.04436
0.05033
0.05412
0.17405
0.05533
0.03564
0.06564
0.08352
0.04754
0.04059
0.03883
0.03959
0.03679
0.04511
0.03252
0.03659
0.03280
0.04037
0.06056
0.10949
0.03514
0.04801
0.03525
0.03267
0.03644
0.03229
0.04204
0.04668
0.05829
0.05018
0.05272
0.05457
0.07857
0.08215
0.08898
0.09541
0.09542
0.09459
0.12889
0.18129
0.16737
0.20249
0.24545
0.27863
0.23072
0.23001
0.25686
0.27200
0.19084
0.11285
0.09860
0.27505
0.43540
0.42221
0.75843
0.83949
0.38775
0.67288
0.71813
0.27947
0.52039
0.56151
1.00000
0.60904
0.17534
0.25663
0.30074
0.18658
0.05807
0.08318
0.03645
0.03509
0.03826
0.04223
0.06294
0.04914
0.03301
0.06468
0.06678
111.00000
0.02841
0.07220
0.07338
0.04516
0.03747
0.06772
0.05361
0.05915
0.04155
0.04183
0.03584
0.05169
0.05159
0.04668
0.04690
0.03768
0.03771
0.03889
0.08643
0.06825
0.03421
0.03338
0.03350
0.03296
0.04608
0.03305
0.03031
0.08799
0.03402
0.02872
0.03651
0.06569
0.19929
0.03053
0.05900
0.05451
0.03850
0.03144
0.03514
0.03217
0.08515
0.07881
0.04338
0.04332
0.02884
0.06820
0.12974
0.05034
0.03280
0.03600
0.03379
0.05073
0.05820
0.06449
0.06947
0.07297
0.06248
0.06180
0.05429
0.05449
0.05933
0.05500
0.09036
0.14731
0.09130
0.25173
0.21740
0.13784
0.84006
1.00000
0.42825
0.97074
0.29390
0.31870
0.25119
0.16425
0.07510
0.05923
0.03331
0.04523
0.02976
0.03847
0.04227
111.00000
1.00000
0.88216
0.84745
0.81425
0.72846
0.64466
0.59004
0.58916
0.57992
0.47544
0.46903
0.31953
0.20532
0.20407
0.17243
0.14537
0.13324
0.13268
0.13159
0.11926
0.11457
0.11131
0.10474
0.10143
0.10039
0.09980
0.09862
0.09761
0.09041
0.08888
0.08639
0.07362
0.07304
0.06936
0.06920
0.06879
0.06626
0.06602
0.06530
0.06517
0.06458
0.06065
0.06047
0.06045
0.05832
0.05828
0.05799
0.05777
0.05532
0.05472
0.05324
0.05145
0.05115
0.04810
0.04687
0.04557
0.04472
0.04357
0.04331
0.04317
0.04311
0.04308
0.04290
0.04284
0.04248
0.04213
0.04195
0.04129
0.04086
0.04004
0.03953
0.03892
0.03805
0.03795
0.03793
0.03758
0.03723
0.03671
0.03631
0.03526
0.03480
0.03467
0.03395
0.03374
0.03305
0.03265
0.03254
0.03251
0.03240
0.03231
111.00000
1.00000
0.38514
0.32694
0.31893
0.24919
0.24774
0.18504
0.14402
0.10934
0.07154
0.05532
0.05209
0.05006
0.04958
0.04730
0.04659
0.04608
0.04552
0.04298
0.03851
0.03757
0.03685
0.03566
0.03485
0.03392
0.03200
0.02967
0.02895
0.02840
0.02786
0.02778
0.02660
0.02638
0.02495
0.02484
0.02482
0.02476
0.02474
0.02383
0.02358
0.02297
0.02260
0.02233
0.02200
0.02197
0.02191
0.02180
0.02136
0.02128
0.02102
0.02088
111.00000
0.05912
0.07456
0.22938
0.09670
0.11579
0.07577
0.04634
0.06350
0.05590
0.05418
0.06858
0.08507
0.09473
0.05889
0.05958
0.09499
0.07555
0.06762
0.05544
0.09819
0.04981
0.16147
0.15009
0.28431
0.15292
0.13755
0.27866
0.09591
0.25259
0.35098
0.48533
0.96027
1.00000
0.88574
0.75295
0.62723
0.56059
0.45030
0.33461
0.26171
0.18586
0.13423
0.11118
0.13356
0.23228
0.29129
0.34140
0.37737
0.24302
0.22788
0.21407
0.16546
0.10820
0.10840
0.08664
0.06412
0.14098
0.51383
0.10248
0.17222
0.13444
0.17557
0.06633
0.06821
0.08251
0.08602
0.07598
0.07970
0.04554
0.08468
0.09828
0.07980
0.09065
0.09719
0.10518
0.16272
0.11453
0.10675
0.11183
0.09016
0.06306
0.06908
0.06497
0.07132
0.09013
0.08816
0.11318
0.13105
0.15907
0.18143
0.18275
0.24853
0.10194
0.15121
0.11872
0.07701
0.24761
0.08612
0.10494
0.08844
0.08176
0.06566
0.04449
0.06868
0.08033
0.07218
0.04974
0.05233
0.11177
0.07619
0.05865
0.05015
0.04431
0.04584
0.05316
0.05992
0.05787
0.07247
0.07998
0.08116
0.10513
0.07713
0.06827
0.07365
0.07612
0.04736
0.05216
0.05145
0.05727
0.05948
0.05319
0.08502
0.04451
0.06259
0.06538
0.07759
0.07595
0.06795
0.07510
0.06252
0.06708
0.04474
0.06582
0.06377
0.05913
0.06638
0.05293
0.06215
0.04474
0.05538
0.05898
0.07077
0.04968
0.04935
0.04666
0.04985
0.05481
0.04432
0.04885
0.04911
0.05806
0.07327
0.04556
0.04722
0.05624
0.05120
0.05308
0.08108
0.10441
0.11508
0.04502
111.00000
